II:0:9999	II:10000:19999	II:20000:29999	II:30000:39999	II:40000:49999	II:50000:59999	II:60000:69999	II:70000:79999	II:80000:89999	II:90000:99999	II:100000:109999	II:110000:119999	II:120000:129999	II:130000:139999	II:140000:149999	II:150000:159999	II:160000:169999	II:170000:179999	II:180000:189999	II:190000:199999	II:200000:209999	II:210000:219999	II:220000:229999	II:230000:239999	II:240000:249999	II:250000:259999	II:260000:269999	II:270000:279999	II:280000:289999	II:290000:299999	II:300000:309999	II:310000:319999	II:320000:329999	II:330000:339999	II:340000:349999	II:350000:359999	II:360000:369999	II:370000:379999	II:380000:389999	II:390000:399999	II:400000:409999	II:410000:419999	II:420000:429999	II:430000:439999	II:440000:449999	II:450000:459999	II:460000:469999	II:470000:479999	II:480000:489999	II:490000:499999	II:500000:509999	II:510000:519999	II:520000:529999	II:530000:539999	II:540000:549999	II:550000:559999	II:560000:569999	II:570000:579999	II:580000:589999	II:590000:599999	II:600000:609999	II:610000:619999	II:620000:629999	II:630000:639999	II:640000:649999	II:650000:659999	II:660000:669999	II:670000:679999	II:680000:689999	II:690000:699999	II:700000:709999	II:710000:719999	II:720000:729999	II:730000:739999	II:740000:749999	II:750000:759999	II:760000:769999	II:770000:779999	II:780000:789999	II:790000:799999	II:800000:809999	II:810000:819999	II:820000:829999	II:830000:839999	II:840000:849999	II:850000:859999	II:860000:869999	II:870000:879999	II:880000:889999	II:890000:899999	II:900000:909999	II:910000:919999	II:920000:929999	II:930000:939999	II:940000:949999	II:950000:959999	II:960000:969999	II:970000:979999	II:980000:989999	II:990000:999999	II:1000000:1009999	II:1010000:1019999	II:1020000:1029999	II:1030000:1039999	II:1040000:1049999	II:1050000:1059999	II:1060000:1069999	II:1070000:1079999	II:1080000:1089999	II:1090000:1099999	II:1100000:1109999	II:1110000:1119999	II:1120000:1129999	II:1130000:1139999	II:1140000:1149999	II:1150000:1159999	II:1160000:1169999	II:1170000:1179999	II:1180000:1189999	II:1190000:1199999
II:0:9999	14.0571	9.9942	7.2080	3.1148	2.8734	4.4752	1.8752	1.7595	3.0193	2.1950	1.6276	1.6819	1.7389	1.1718	0.9472	1.5380	1.3368	1.1221	1.3194	1.0393	1.3188	0.6942	0.9069	0.8224	0.7061	0.8256	0.5839	0.8870	0.8923	0.4687	0.6282	0.5136	0.4039	0.7746	0.5394	0.3990	0.6155	0.4009	0.6775	0.3869	0.0458	0.0543	0.0612	0.0665	0.0883	0.0755	0.0556	0.0383	0.0446	0.0838	0.0569	0.0665	0.0364	0.0348	0.0696	0.0573	0.0446	0.0442	0.0341	0.0369	0.0305	0.0615	0.0463	0.0329	0.0550	0.0344	0.0291	0.0476	0.0572	0.0266	0.0526	0.0313	0.0277	0.0249	0.0334	0.0466	0.0387	0.0493	0.0294	0.0320	0.0299	0.0506	0.0489	0.0312	0.0335	0.0297	0.0413	0.0215	0.0220	0.0308	0.0262	0.0416	0.0385	0.0331	0.0357	0.0361	0.0379	0.0411	0.0218	0.0330	0.0212	0.0281	0.0358	0.0380	0.0345	0.0178	0.0249	0.0203	0.0385	0.0195	0.0215	0.0237	0.0172	0.0341	0.0289	0.0188	0.0256	0.0169	0.0274	0.0196
II:10000:19999	9.9942	12.6182	6.9219	6.9614	5.5479	3.4394	3.7159	2.5190	1.7613	1.8937	1.8324	2.4184	1.1542	1.0291	1.4989	1.8276	1.6573	1.3649	0.7260	1.3107	1.1467	0.6811	0.8836	0.5561	1.0346	0.9399	0.9567	0.8951	0.5813	0.8495	0.5329	0.4583	0.5702	0.6050	0.4874	0.6198	0.6011	0.4280	0.5779	0.4543	0.0891	0.0609	0.0885	0.0650	0.0711	0.0759	0.0662	0.0515	0.0865	0.0414	0.0516	0.0611	0.0359	0.0410	0.0689	0.0669	0.0594	0.0695	0.0623	0.0427	0.0558	0.0429	0.0581	0.0432	0.0339	0.0601	0.0524	0.0535	0.0462	0.0533	0.0411	0.0445	0.0271	0.0429	0.0507	0.0466	0.0490	0.0388	0.0502	0.0261	0.0488	0.0332	0.0246	0.0396	0.0344	0.0333	0.0447	0.0245	0.0373	0.0314	0.0341	0.0330	0.0231	0.0326	0.0412	0.0233	0.0190	0.0202	0.0296	0.0418	0.0191	0.0414	0.0303	0.0203	0.0270	0.0219	0.0332	0.0290	0.0231	0.0221	0.0353	0.0328	0.0254	0.0245	0.0313	0.0359	0.0172	0.0186	0.0226	0.0254
II:20000:29999	7.2080	6.9219	13.1425	6.4279	5.1705	4.5438	4.7657	3.6264	1.7810	1.5900	2.1369	2.5998	2.4218	1.4868	2.0152	1.9190	1.2337	1.4961	1.0497	0.8032	1.1160	0.6691	1.0768	1.1340	1.1585	0.7987	0.5551	1.0169	0.9602	0.9815	0.7415	0.7591	0.5798	0.4666	0.5051	0.6921	0.4914	0.6407	0.5415	0.5048	0.1057	0.0550	0.0724	0.0520	0.0942	0.0676	0.0577	0.0479	0.0686	0.0574	0.0430	0.0376	0.0537	0.0615	0.0575	0.0733	0.0725	0.0723	0.0653	0.0508	0.0518	0.0459	0.0452	0.0306	0.0590	0.0374	0.0288	0.0442	0.0526	0.0419	0.0388	0.0483	0.0309	0.0254	0.0441	0.0415	0.0517	0.0368	0.0479	0.0236	0.0236	0.0405	0.0289	0.0239	0.0254	0.0321	0.0307	0.0367	0.0452	0.0304	0.0252	0.0354	0.0198	0.0296	0.0275	0.0290	0.0202	0.0326	0.0340	0.0367	0.0414	0.0265	0.0334	0.0280	0.0225	0.0378	0.0342	0.0383	0.0352	0.0371	0.0193	0.0167	0.0205	0.0249	0.0305	0.0250	0.0264	0.0313	0.0168	0.0291
II:30000:39999	3.1148	6.9614	6.4279	12.7797	7.9892	7.8521	5.7323	3.6969	2.7855	3.6071	2.0495	1.3888	1.5956	1.1217	2.0809	1.0736	1.9703	1.0272	1.0561	1.2567	0.9406	0.9510	0.6834	0.8679	0.5638	0.6775	1.1063	0.6597	0.6282	0.8470	0.9331	0.5770	0.6007	0.7560	0.7711	0.6612	0.4372	0.4255	0.6702	0.6300	0.1040	0.0941	0.0703	0.0517	0.0937	0.0807	0.0723	0.0764	0.0592	0.0558	0.0663	0.0604	0.0700	0.0793	0.0737	0.0515	0.0499	0.0732	0.0491	0.0653	0.0349	0.0489	0.0506	0.0613	0.0630	0.0344	0.0513	0.0509	0.0328	0.0567	0.0460	0.0595	0.0321	0.0431	0.0358	0.0458	0.0440	0.0404	0.0339	0.0391	0.0345	0.0498	0.0363	0.0363	0.0295	0.0290	0.0487	0.0300	0.0452	0.0371	0.0472	0.0246	0.0451	0.0402	0.0344	0.0376	0.0376	0.0303	0.0346	0.0242	0.0189	0.0346	0.0294	0.0393	0.0239	0.0365	0.0401	0.0377	0.0388	0.0204	0.0203	0.0215	0.0243	0.0187	0.0193	0.0163	0.0354	0.0232	0.0285	0.0247
II:40000:49999	2.8734	5.5479	5.1705	7.9892	23.8888	12.4491	6.0426	5.1413	2.7120	2.7613	2.2234	2.1171	1.9101	2.1200	1.5749	1.4358	1.9462	0.8710	0.8056	0.8071	1.5205	1.2300	1.2446	1.3662	0.7375	1.2145	0.6905	0.8459	0.9159	0.9522	0.5915	0.7012	0.4389	0.5535	0.8934	0.8276	0.6459	0.7231	0.7553	0.4808	0.1122	0.0757	0.0559	0.0768	0.0787	0.0824	0.0793	0.0432	0.0741	0.0872	0.0725	0.0863	0.0618	0.0749	0.0419	0.0759	0.0537	0.0723	0.0467	0.0589	0.0672	0.0605	0.0557	0.0688	0.0330	0.0330	0.0496	0.0639	0.0530	0.0385	0.0307	0.0423	0.0428	0.0418	0.0463	0.0341	0.0536	0.0337	0.0274	0.0347	0.0525	0.0280	0.0312	0.0503	0.0325	0.0466	0.0230	0.0468	0.0279	0.0260	0.0412	0.0474	0.0461	0.0401	0.0439	0.0453	0.0336	0.0228	0.0404	0.0286	0.0263	0.0306	0.0190	0.0184	0.0241	0.0317	0.0349	0.0394	0.0358	0.0383	0.0311	0.0330	0.0294	0.0181	0.0176	0.0324	0.0202	0.0324	0.0253	0.0157
II:50000:59999	4.4752	3.4394	4.5438	7.8521	12.4491	20.9845	9.5443	4.3940	4.0443	3.3813	2.9218	3.3299	1.8345	2.1214	2.1709	2.4674	1.1533	1.0207	1.0762	1.0353	0.9128	0.7774	0.8529	0.8197	0.9836	1.0649	0.8101	0.6387	0.5631	0.6484	0.5667	0.7295	0.9263	0.8091	0.5084	0.4056	0.4088	0.5749	0.5240	0.6548	0.0556	0.0652	0.0907	0.0811	0.0760	0.0967	0.0493	0.0528	0.0718	0.0701	0.0903	0.0882	0.0669	0.0739	0.0695	0.0415	0.0624	0.0478	0.0493	0.0395	0.0325	0.0675	0.0607	0.0611	0.0415	0.0459	0.0358	0.0515	0.0596	0.0564	0.0612	0.0362	0.0512	0.0305	0.0441	0.0291	0.0430	0.0425	0.0356	0.0352	0.0461	0.0384	0.0356	0.0262	0.0310	0.0473	0.0504	0.0325	0.0463	0.0458	0.0270	0.0282	0.0394	0.0285	0.0455	0.0294	0.0386	0.0376	0.0246	0.0408	0.0270	0.0213	0.0196	0.0291	0.0332	0.0243	0.0375	0.0237	0.0369	0.0179	0.0229	0.0204	0.0266	0.0242	0.0250	0.0346	0.0285	0.0288	0.0240	0.0325
II:60000:69999	1.8752	3.7159	4.7657	5.7323	6.0426	9.5443	20.0285	11.9680	8.8757	5.4480	3.7925	2.7030	3.7989	3.0298	2.7547	1.5542	1.7261	2.1781	1.2258	1.7873	1.3746	0.9688	1.0593	0.7344	1.1984	1.1815	0.5935	0.7647	1.0565	0.6336	0.8237	0.9575	0.7822	0.4984	0.9154	0.7982	0.6787	0.5414	0.6460	0.5372	0.0596	0.0581	0.0516	0.0581	0.0613	0.0831	0.0779	0.0766	0.0877	0.0461	0.0607	0.0433	0.0597	0.0414	0.0400	0.0410	0.0536	0.0698	0.0467	0.0663	0.0429	0.0445	0.0514	0.0341	0.0488	0.0533	0.0620	0.0312	0.0590	0.0495	0.0490	0.0291	0.0584	0.0363	0.0451	0.0442	0.0561	0.0450	0.0573	0.0319	0.0452	0.0419	0.0394	0.0424	0.0395	0.0326	0.0412	0.0244	0.0355	0.0344	0.0272	0.0368	0.0392	0.0239	0.0282	0.0217	0.0355	0.0217	0.0253	0.0306	0.0304	0.0196	0.0420	0.0240	0.0330	0.0233	0.0320	0.0259	0.0249	0.0283	0.0305	0.0305	0.0323	0.0226	0.0185	0.0219	0.0233	0.0291	0.0247	0.0223
II:70000:79999	1.7595	2.5190	3.6264	3.6969	5.1413	4.3940	11.9680	13.5735	10.7731	4.5865	5.0676	4.6028	3.6616	2.0794	2.2119	3.0061	1.3452	2.0782	1.5819	1.6782	1.3071	0.9320	1.3124	0.7116	1.4347	1.3042	0.8990	0.9808	0.9291	1.2033	0.5291	0.6705	0.7120	0.9111	0.8457	0.6474	0.4062	0.7215	0.5784	0.4203	0.0975	0.0819	0.0704	0.0661	0.0803	0.0614	0.0686	0.0990	0.0702	0.0560	0.0693	0.0889	0.0843	0.0729	0.0825	0.0738	0.0686	0.0554	0.0415	0.0671	0.0615	0.0750	0.0459	0.0685	0.0401	0.0690	0.0698	0.0314	0.0416	0.0666	0.0644	0.0525	0.0322	0.0271	0.0353	0.0589	0.0533	0.0398	0.0504	0.0543	0.0341	0.0520	0.0322	0.0336	0.0245	0.0277	0.0390	0.0229	0.0379	0.0266	0.0428	0.0248	0.0267	0.0281	0.0363	0.0420	0.0401	0.0393	0.0373	0.0334	0.0279	0.0235	0.0403	0.0287	0.0343	0.0198	0.0267	0.0202	0.0260	0.0346	0.0252	0.0327	0.0198	0.0255	0.0258	0.0277	0.0213	0.0313	0.0350	0.0332
II:80000:89999	3.0193	1.7613	1.7810	2.7855	2.7120	4.0443	8.8757	10.7731	12.4940	9.9049	5.8347	5.2914	2.6665	3.9457	2.6669	3.3878	1.3672	1.8684	1.7988	2.1081	1.8540	1.0652	1.1283	1.4858	1.1009	0.9005	1.4153	1.2745	0.8422	0.9451	1.1681	0.6444	1.0618	1.0058	0.8750	0.8206	0.7917	0.6902	0.6876	0.4737	0.0955	0.1004	0.0847	0.0953	0.0784	0.0981	0.0905	0.0503	0.0889	0.0591	0.0464	0.0475	0.0573	0.0665	0.0552	0.0477	0.0744	0.0539	0.0764	0.0459	0.0652	0.0492	0.0698	0.0598	0.0602	0.0349	0.0611	0.0442	0.0586	0.0617	0.0332	0.0287	0.0557	0.0625	0.0591	0.0418	0.0551	0.0265	0.0273	0.0444	0.0420	0.0511	0.0315	0.0383	0.0542	0.0324	0.0351	0.0407	0.0517	0.0273	0.0417	0.0333	0.0325	0.0281	0.0335	0.0361	0.0308	0.0335	0.0366	0.0418	0.0338	0.0289	0.0432	0.0231	0.0197	0.0406	0.0246	0.0216	0.0270	0.0257	0.0257	0.0369	0.0238	0.0200	0.0217	0.0378	0.0260	0.0242	0.0330	0.0361
II:90000:99999	2.1950	1.8937	1.5900	3.6071	2.7613	3.3813	5.4480	4.5865	9.9049	20.1633	12.5165	5.4111	4.4018	4.2446	2.6304	2.3433	1.8751	1.7997	2.5429	2.2470	1.1519	1.3525	1.6826	1.7170	1.3102	1.3897	0.8777	1.2899	1.2567	0.8815	0.7170	0.5448	0.9197	0.8848	0.4623	0.7527	0.9648	0.4297	0.4733	0.4169	0.0890	0.0825	0.1144	0.0560	0.0634	0.1095	0.0486	0.0621	0.0687	0.0439	0.0593	0.0755	0.0745	0.0725	0.0731	0.0697	0.0392	0.0688	0.0640	0.0455	0.0540	0.0447	0.0719	0.0449	0.0391	0.0651	0.0625	0.0652	0.0571	0.0459	0.0474	0.0497	0.0505	0.0626	0.0369	0.0544	0.0271	0.0327	0.0581	0.0338	0.0420	0.0548	0.0456	0.0396	0.0458	0.0539	0.0520	0.0283	0.0267	0.0308	0.0262	0.0438	0.0453	0.0251	0.0230	0.0296	0.0392	0.0410	0.0323	0.0366	0.0435	0.0421	0.0222	0.0370	0.0382	0.0410	0.0286	0.0220	0.0294	0.0266	0.0269	0.0362	0.0324	0.0327	0.0318	0.0200	0.0180	0.0252	0.0349	0.0302
II:100000:109999	1.6276	1.8324	2.1369	2.0495	2.2234	2.9218	3.7925	5.0676	5.8347	12.5165	24.6617	10.9798	8.1831	6.9847	4.6825	4.2978	3.9380	2.9812	2.7786	1.3257	1.1438	2.2312	1.2156	1.2061	0.9442	1.3845	0.7338	1.3770	0.8828	1.1951	1.2653	1.0475	0.8171	0.9166	1.0274	0.8992	0.5939	0.4329	0.8992	0.7325	0.0630	0.0976	0.0974	0.0736	0.1122	0.0660	0.0580	0.0669	0.0670	0.0980	0.0824	0.0498	0.0638	0.0465	0.0776	0.0837	0.0431	0.0625	0.0487	0.0497	0.0704	0.0797	0.0466	0.0574	0.0463	0.0348	0.0569	0.0375	0.0585	0.0599	0.0351	0.0521	0.0365	0.0567	0.0382	0.0523	0.0501	0.0468	0.0337	0.0543	0.0373	0.0507	0.0403	0.0389	0.0468	0.0344	0.0472	0.0368	0.0453	0.0434	0.0502	0.0339	0.0318	0.0499	0.0358	0.0326	0.0400	0.0273	0.0461	0.0401	0.0369	0.0272	0.0402	0.0426	0.0389	0.0416	0.0208	0.0365	0.0392	0.0294	0.0197	0.0304	0.0231	0.0181	0.0385	0.0358	0.0311	0.0333	0.0313	0.0265
II:110000:119999	1.6819	2.4184	2.5998	1.3888	2.1171	3.3299	2.7030	4.6028	5.2914	5.4111	10.9798	13.9403	8.3099	6.6990	5.3283	3.3648	2.3393	2.4968	1.8713	2.9877	1.5535	1.6641	1.7225	1.2336	1.4227	1.3896	0.7991	1.5976	1.1449	0.7546	1.3859	0.6996	1.0745	0.8574	0.6717	0.7230	0.7577	0.6642	0.5697	0.6434	0.0949	0.1113	0.0711	0.0579	0.1118	0.0562	0.0921	0.0843	0.1089	0.0578	0.0983	0.0515	0.0527	0.0784	0.0499	0.0713	0.0743	0.0447	0.0770	0.0575	0.0824	0.0358	0.0382	0.0620	0.0448	0.0503	0.0711	0.0461	0.0332	0.0363	0.0522	0.0600	0.0584	0.0465	0.0371	0.0324	0.0354	0.0340	0.0585	0.0403	0.0297	0.0469	0.0402	0.0256	0.0561	0.0543	0.0320	0.0493	0.0371	0.0433	0.0421	0.0439	0.0348	0.0259	0.0444	0.0336	0.0333	0.0416	0.0391	0.0469	0.0303	0.0365	0.0218	0.0223	0.0257	0.0260	0.0299	0.0242	0.0413	0.0286	0.0272	0.0393	0.0364	0.0354	0.0384	0.0340	0.0239	0.0384	0.0173	0.0363
II:120000:129999	1.7389	1.1542	2.4218	1.5956	1.9101	1.8345	3.7989	3.6616	2.6665	4.4018	8.1831	8.3099	18.7107	8.7013	6.5311	4.5992	5.1534	4.1496	3.4209	1.9654	2.1154	1.3201	2.1709	1.0562	1.4104	1.0298	1.7089	1.6685	0.9784	1.4421	0.7815	1.1689	0.7624	0.8695	0.9468	0.7341	0.6066	0.8233	0.9149	0.9976	0.0887	0.0806	0.0640	0.0716	0.0564	0.0706	0.1012	0.0576	0.0906	0.0660	0.0602	0.0740	0.0694	0.0684	0.0484	0.0717	0.0881	0.0396	0.0424	0.0668	0.0523	0.0481	0.0818	0.0488	0.0757	0.0607	0.0340	0.0435	0.0348	0.0533	0.0675	0.0321	0.0306	0.0302	0.0390	0.0344	0.0634	0.0555	0.0605	0.0469	0.0546	0.0500	0.0352	0.0468	0.0342	0.0394	0.0503	0.0307	0.0288	0.0493	0.0369	0.0277	0.0316	0.0302	0.0476	0.0349	0.0472	0.0341	0.0466	0.0455	0.0355	0.0410	0.0274	0.0226	0.0349	0.0206	0.0308	0.0343	0.0375	0.0403	0.0231	0.0388	0.0296	0.0323	0.0282	0.0369	0.0240	0.0172	0.0354	0.0314
II:130000:139999	1.1718	1.0291	1.4868	1.1217	2.1200	2.1214	3.0298	2.0794	3.9457	4.2446	6.9847	6.6990	8.7013	23.4641	6.9936	5.0995	5.5017	4.7909	3.7631	3.0766	2.8096	1.5961	1.9211	1.5702	1.9816	1.5599	1.6801	1.5412	1.6552	1.5117	0.7126	1.1939	0.8988	0.6483	0.8933	1.1083	1.0309	0.5477	0.5860	0.8563	0.1473	0.0685	0.0671	0.1119	0.1024	0.1135	0.0669	0.0853	0.1034	0.0735	0.0726	0.0482	0.0929	0.0700	0.0645	0.0784	0.0874	0.0862	0.0570	0.0694	0.0569	0.0778	0.0741	0.0664	0.0726	0.0570	0.0587	0.0398	0.0625	0.0437	0.0543	0.0306	0.0459	0.0537	0.0534	0.0500	0.0376	0.0519	0.0513	0.0480	0.0398	0.0314	0.0448	0.0271	0.0555	0.0362	0.0335	0.0384	0.0270	0.0509	0.0532	0.0478	0.0397	0.0501	0.0316	0.0351	0.0263	0.0332	0.0468	0.0390	0.0353	0.0347	0.0369	0.0359	0.0314	0.0325	0.0217	0.0302	0.0356	0.0241	0.0251	0.0377	0.0213	0.0225	0.0369	0.0203	0.0242	0.0380	0.0263	0.0352
II:140000:149999	0.9472	1.4989	2.0152	2.0809	1.5749	2.1709	2.7547	2.2119	2.6669	2.6304	4.6825	5.3283	6.5311	6.9936	24.2331	6.1598	5.1712	6.6475	3.4282	3.0771	3.8510	1.7194	3.0607	2.2348	2.0051	1.0011	1.6994	1.7967	1.2203	0.8231	0.8302	0.7356	0.9810	1.2537	0.6161	0.8405	0.8006	0.7654	0.8171	0.7909	0.0848	0.1324	0.1049	0.0882	0.1327	0.1092	0.0664	0.1214	0.0911	0.0727	0.0640	0.0517	0.0612	0.0623	0.0640	0.0993	0.0749	0.0514	0.0598	0.0617	0.0425	0.0609	0.0616	0.0797	0.0557	0.0664	0.0647	0.0411	0.0575	0.0514	0.0384	0.0320	0.0710	0.0336	0.0644	0.0432	0.0317	0.0643	0.0521	0.0420	0.0569	0.0514	0.0405	0.0503	0.0503	0.0307	0.0482	0.0541	0.0460	0.0489	0.0542	0.0476	0.0371	0.0394	0.0449	0.0405	0.0237	0.0231	0.0289	0.0438	0.0268	0.0292	0.0424	0.0234	0.0272	0.0263	0.0206	0.0381	0.0270	0.0289	0.0268	0.0200	0.0387	0.0212	0.0246	0.0346	0.0256	0.0290	0.0247	0.0297
II:150000:159999	1.5380	1.8276	1.9190	1.0736	1.4358	2.4674	1.5542	3.0061	3.3878	2.3433	4.2978	3.3648	4.5992	5.0995	6.1598	17.0771	9.6514	4.0474	3.0608	4.0221	4.1787	3.9968	3.1063	2.2656	2.2309	2.0675	1.9728	2.1438	1.2499	1.2761	1.5290	0.9092	0.7520	1.3886	0.6128	1.2525	1.2108	0.6369	1.0034	0.6649	0.0943	0.1541	0.1403	0.1253	0.0949	0.1344	0.0990	0.1258	0.1039	0.0546	0.1032	0.1030	0.1030	0.0844	0.0473	0.0947	0.0670	0.0528	0.0523	0.0508	0.0817	0.0420	0.0834	0.0376	0.0707	0.0461	0.0584	0.0420	0.0733	0.0395	0.0522	0.0572	0.0498	0.0393	0.0416	0.0663	0.0339	0.0292	0.0622	0.0604	0.0522	0.0438	0.0601	0.0405	0.0262	0.0401	0.0426	0.0427	0.0531	0.0262	0.0507	0.0397	0.0456	0.0354	0.0314	0.0322	0.0300	0.0348	0.0385	0.0446	0.0258	0.0331	0.0350	0.0423	0.0389	0.0362	0.0372	0.0309	0.0397	0.0401	0.0329	0.0215	0.0288	0.0246	0.0226	0.0249	0.0369	0.0256	0.0272	0.0259
II:160000:169999	1.3368	1.6573	1.2337	1.9703	1.9462	1.1533	1.7261	1.3452	1.3672	1.8751	3.9380	2.3393	5.1534	5.5017	5.1712	9.6514	14.9536	10.5709	6.2226	6.7464	4.3791	4.6080	3.6775	2.4815	1.3625	1.5407	1.2645	1.9834	1.0926	1.5944	1.1440	1.2305	1.4181	0.9319	0.7762	0.8304	1.2904	0.9475	0.7215	0.5971	0.0785	0.1001	0.1212	0.1034	0.1293	0.1396	0.1022	0.0821	0.1123	0.0592	0.1035	0.1088	0.0990	0.0536	0.0819	0.0931	0.0680	0.0911	0.0511	0.0697	0.0698	0.0803	0.0593	0.0504	0.0716	0.0415	0.0526	0.0562	0.0696	0.0522	0.0573	0.0612	0.0600	0.0709	0.0493	0.0529	0.0303	0.0365	0.0380	0.0360	0.0469	0.0345	0.0473	0.0556	0.0286	0.0340	0.0421	0.0265	0.0294	0.0430	0.0368	0.0522	0.0412	0.0464	0.0333	0.0338	0.0475	0.0400	0.0481	0.0286	0.0244	0.0398	0.0241	0.0225	0.0308	0.0383	0.0293	0.0392	0.0311	0.0264	0.0324	0.0339	0.0223	0.0329	0.0223	0.0412	0.0305	0.0225	0.0185	0.0223
II:170000:179999	1.1221	1.3649	1.4961	1.0272	0.8710	1.0207	2.1781	2.0782	1.8684	1.7997	2.9812	2.4968	4.1496	4.7909	6.6475	4.0474	10.5709	17.0928	10.5878	7.5389	5.8464	3.8116	3.6805	2.9796	2.0930	1.7226	1.8388	2.0940	1.1793	1.7058	0.8808	0.9959	1.4198	1.4664	1.3486	1.2072	0.8033	1.3241	0.9825	1.1549	0.1686	0.0949	0.1588	0.0739	0.1189	0.0833	0.0675	0.1021	0.0722	0.1117	0.0855	0.0699	0.0508	0.0935	0.0876	0.0957	0.0680	0.0975	0.0442	0.0931	0.0826	0.0455	0.0906	0.0429	0.0751	0.0487	0.0692	0.0747	0.0401	0.0487	0.0731	0.0536	0.0387	0.0352	0.0361	0.0348	0.0443	0.0601	0.0466	0.0323	0.0413	0.0456	0.0436	0.0498	0.0505	0.0521	0.0441	0.0264	0.0507	0.0504	0.0480	0.0380	0.0517	0.0264	0.0459	0.0409	0.0435	0.0242	0.0503	0.0226	0.0265	0.0358	0.0369	0.0256	0.0283	0.0449	0.0286	0.0315	0.0225	0.0340	0.0370	0.0377	0.0246	0.0277	0.0344	0.0418	0.0365	0.0230	0.0192	0.0251
II:180000:189999	1.3194	0.7260	1.0497	1.0561	0.8056	1.0762	1.2258	1.5819	1.7988	2.5429	2.7786	1.8713	3.4209	3.7631	3.4282	3.0608	6.2226	10.5878	20.4695	8.1762	8.2127	4.0262	2.7964	3.6065	3.4517	1.9099	1.9267	1.6157	1.1328	1.9104	0.9856	1.5565	1.4689	1.2802	0.7459	0.6999	1.0653	0.9925	0.5832	0.5533	0.1590	0.1074	0.1408	0.0876	0.0903	0.1413	0.0784	0.0927	0.0967	0.1096	0.0779	0.0988	0.0667	0.0954	0.0500	0.0592	0.0499	0.0511	0.0877	0.0694	0.0856	0.0941	0.0499	0.0792	0.0879	0.0530	0.0405	0.0582	0.0608	0.0664	0.0598	0.0467	0.0398	0.0467	0.0513	0.0387	0.0427	0.0654	0.0462	0.0339	0.0539	0.0414	0.0467	0.0416	0.0310	0.0525	0.0459	0.0596	0.0255	0.0442	0.0387	0.0384	0.0471	0.0313	0.0358	0.0272	0.0400	0.0356	0.0235	0.0287	0.0331	0.0366	0.0238	0.0382	0.0432	0.0295	0.0220	0.0239	0.0399	0.0334	0.0229	0.0234	0.0400	0.0357	0.0358	0.0218	0.0422	0.0241	0.0262	0.0232
II:190000:199999	1.0393	1.3107	0.8032	1.2567	0.8071	1.0353	1.7873	1.6782	2.1081	2.2470	1.3257	2.9877	1.9654	3.0766	3.0771	4.0221	6.7464	7.5389	8.1762	27.0823	11.0527	6.9508	4.6569	4.6948	3.2495	2.7695	1.8037	2.7975	1.3059	2.4109	2.2219	1.5672	1.0438	1.0324	0.8897	1.3655	0.9891	1.4588	0.8731	0.8227	0.1556	0.1699	0.1277	0.0837	0.0850	0.1302	0.1299	0.1440	0.1059	0.1186	0.1069	0.0945	0.1100	0.0654	0.0602	0.0687	0.0717	0.1046	0.0945	0.0875	0.0938	0.0633	0.0946	0.0884	0.0488	0.0576	0.0529	0.0462	0.0810	0.0537	0.0747	0.0610	0.0360	0.0516	0.0656	0.0450	0.0431	0.0343	0.0490	0.0666	0.0298	0.0624	0.0506	0.0380	0.0599	0.0601	0.0608	0.0422	0.0399	0.0478	0.0546	0.0362	0.0351	0.0371	0.0243	0.0496	0.0372	0.0370	0.0415	0.0462	0.0426	0.0313	0.0298	0.0306	0.0358	0.0431	0.0207	0.0365	0.0425	0.0346	0.0295	0.0316	0.0323	0.0348	0.0206	0.0382	0.0319	0.0249	0.0400	0.0273
II:200000:209999	1.3188	1.1467	1.1160	0.9406	1.5205	0.9128	1.3746	1.3071	1.8540	1.1519	1.1438	1.5535	2.1154	2.8096	3.8510	4.1787	4.3791	5.8464	8.2127	11.0527	24.3976	8.3803	6.9237	3.7595	3.2756	2.8779	2.0425	3.0210	2.1345	1.7553	1.9419	1.3065	1.4620	1.5060	1.4570	1.1725	1.4052	1.4372	1.4428	1.0482	0.1960	0.1842	0.1466	0.0885	0.1335	0.1183	0.1291	0.0875	0.1443	0.0877	0.1355	0.0770	0.0893	0.1010	0.0692	0.0771	0.0916	0.0949	0.1026	0.0781	0.1003	0.0590	0.0759	0.0822	0.0444	0.0802	0.0801	0.0656	0.0820	0.0696	0.0526	0.0718	0.0575	0.0637	0.0758	0.0620	0.0643	0.0648	0.0387	0.0315	0.0325	0.0470	0.0654	0.0449	0.0618	0.0379	0.0320	0.0408	0.0555	0.0589	0.0436	0.0377	0.0505	0.0381	0.0337	0.0476	0.0260	0.0470	0.0518	0.0256	0.0454	0.0226	0.0253	0.0298	0.0494	0.0224	0.0333	0.0325	0.0250	0.0461	0.0260	0.0431	0.0334	0.0374	0.0377	0.0356	0.0386	0.0399	0.0216	0.0201
II:210000:219999	0.6942	0.6811	0.6691	0.9510	1.2300	0.7774	0.9688	0.9320	1.0652	1.3525	2.2312	1.6641	1.3201	1.5961	1.7194	3.9968	4.6080	3.8116	4.0262	6.9508	8.3803	19.2574	6.8611	7.1514	6.7665	4.0477	2.4483	1.9812	2.5638	2.6547	2.4900	2.1903	1.6196	2.0004	1.4753	1.5286	0.7525	1.1676	0.7438	0.8106	0.1261	0.1513	0.0902	0.1526	0.1145	0.0929	0.1574	0.1254	0.0931	0.0722	0.0992	0.1178	0.0947	0.0771	0.0609	0.0668	0.1027	0.0590	0.1093	0.0910	0.0692	0.0550	0.0695	0.0950	0.0474	0.0530	0.0431	0.0753	0.0850	0.0640	0.0503	0.0806	0.0617	0.0774	0.0499	0.0391	0.0351	0.0428	0.0490	0.0616	0.0488	0.0401	0.0639	0.0505	0.0507	0.0580	0.0517	0.0355	0.0601	0.0317	0.0312	0.0473	0.0444	0.0322	0.0471	0.0272	0.0387	0.0529	0.0506	0.0411	0.0463	0.0419	0.0288	0.0465	0.0389	0.0380	0.0475	0.0361	0.0293	0.0316	0.0348	0.0428	0.0415	0.0296	0.0316	0.0202	0.0347	0.0384	0.0232	0.0336
II:220000:229999	0.9069	0.8836	1.0768	0.6834	1.2446	0.8529	1.0593	1.3124	1.1283	1.6826	1.2156	1.7225	2.1709	1.9211	3.0607	3.1063	3.6775	3.6805	2.7964	4.6569	6.9237	6.8611	14.2421	12.7120	7.8958	6.7379	3.3087	2.4542	3.0189	1.6159	2.7928	1.5270	1.2848	1.1974	1.7889	0.9136	1.2497	0.9316	1.4405	0.7148	0.1195	0.1826	0.1447	0.0944	0.1816	0.1121	0.1123	0.1377	0.1104	0.1354	0.1064	0.0797	0.0995	0.1192	0.0749	0.0978	0.0912	0.0962	0.0720	0.0617	0.0870	0.0959	0.0715	0.0507	0.0867	0.0697	0.0764	0.0444	0.0784	0.0561	0.0803	0.0479	0.0356	0.0494	0.0667	0.0653	0.0697	0.0412	0.0566	0.0340	0.0396	0.0318	0.0542	0.0637	0.0515	0.0507	0.0611	0.0393	0.0468	0.0550	0.0328	0.0498	0.0280	0.0373	0.0307	0.0383	0.0305	0.0256	0.0372	0.0351	0.0451	0.0229	0.0411	0.0232	0.0357	0.0220	0.0469	0.0345	0.0339	0.0224	0.0414	0.0271	0.0322	0.0384	0.0398	0.0290	0.0205	0.0434	0.0249	0.0194
II:230000:239999	0.8224	0.5561	1.1340	0.8679	1.3662	0.8197	0.7344	0.7116	1.4858	1.7170	1.2061	1.2336	1.0562	1.5702	2.2348	2.2656	2.4815	2.9796	3.6065	4.6948	3.7595	7.1514	12.7120	21.9187	12.9878	4.4686	3.1831	4.5668	3.5269	2.3062	2.0300	2.6975	1.2336	1.4409	1.4834	1.8760	1.2162	0.8580	1.4934	1.3536	0.1170	0.1867	0.1648	0.1278	0.1449	0.1307	0.1544	0.1633	0.1007	0.0747	0.0955	0.1117	0.0805	0.0700	0.0721	0.1163	0.1033	0.0600	0.0700	0.0662	0.0545	0.0978	0.0623	0.0770	0.0647	0.0458	0.0429	0.0770	0.0719	0.0634	0.0464	0.0534	0.0603	0.0455	0.0612	0.0720	0.0412	0.0734	0.0539	0.0727	0.0711	0.0331	0.0573	0.0391	0.0531	0.0625	0.0453	0.0518	0.0516	0.0336	0.0415	0.0362	0.0423	0.0511	0.0298	0.0428	0.0407	0.0363	0.0503	0.0343	0.0477	0.0249	0.0357	0.0255	0.0467	0.0409	0.0275	0.0317	0.0245	0.0451	0.0448	0.0443	0.0361	0.0268	0.0315	0.0365	0.0300	0.0204	0.0319	0.0207
II:240000:249999	0.7061	1.0346	1.1585	0.5638	0.7375	0.9836	1.1984	1.4347	1.1009	1.3102	0.9442	1.4227	1.4104	1.9816	2.0051	2.2309	1.3625	2.0930	3.4517	3.2495	3.2756	6.7665	7.8958	12.9878	15.7614	12.5363	7.2735	6.1880	4.5734	3.7539	2.2794	2.9164	1.5578	1.2291	1.5841	1.2089	1.7784	1.1836	0.8369	1.5256	0.2379	0.1948	0.2154	0.1840	0.1919	0.1552	0.1601	0.1545	0.0832	0.0988	0.1215	0.0918	0.1343	0.0643	0.0680	0.0808	0.0795	0.1117	0.0525	0.1051	0.1117	0.0505	0.1047	0.0846	0.0516	0.0904	0.0485	0.0619	0.0527	0.0592	0.0457	0.0564	0.0646	0.0583	0.0598	0.0758	0.0725	0.0383	0.0648	0.0663	0.0699	0.0473	0.0681	0.0523	0.0479	0.0487	0.0443	0.0540	0.0473	0.0592	0.0437	0.0283	0.0315	0.0399	0.0413	0.0521	0.0441	0.0298	0.0337	0.0406	0.0481	0.0449	0.0422	0.0302	0.0391	0.0291	0.0236	0.0431	0.0395	0.0485	0.0413	0.0273	0.0210	0.0315	0.0287	0.0330	0.0290	0.0204	0.0207	0.0277
II:250000:259999	0.8256	0.9399	0.7987	0.6775	1.2145	1.0649	1.1815	1.3042	0.9005	1.3897	1.3845	1.3896	1.0298	1.5599	1.0011	2.0675	1.5407	1.7226	1.9099	2.7695	2.8779	4.0477	6.7379	4.4686	12.5363	21.4259	7.4041	4.9572	3.9278	4.7735	4.0379	2.8280	1.6090	3.0051	2.5900	1.5293	1.0117	1.5285	1.0494	1.2054	0.1725	0.1499	0.2218	0.1439	0.1035	0.1514	0.1787	0.1024	0.1258	0.1083	0.1316	0.0944	0.0862	0.1416	0.1259	0.1125	0.1055	0.1225	0.0570	0.0816	0.0915	0.0570	0.1102	0.0884	0.0905	0.1005	0.0759	0.0928	0.0613	0.0892	0.0656	0.0779	0.0511	0.0601	0.0627	0.0596	0.0772	0.0547	0.0723	0.0376	0.0412	0.0390	0.0386	0.0543	0.0341	0.0560	0.0628	0.0637	0.0302	0.0368	0.0433	0.0274	0.0503	0.0419	0.0404	0.0306	0.0273	0.0537	0.0437	0.0351	0.0515	0.0270	0.0353	0.0250	0.0463	0.0484	0.0303	0.0453	0.0486	0.0277	0.0479	0.0300	0.0398	0.0347	0.0293	0.0356	0.0196	0.0323	0.0319	0.0350
II:260000:269999	0.5839	0.9567	0.5551	1.1063	0.6905	0.8101	0.5935	0.8990	1.4153	0.8777	0.7338	0.7991	1.7089	1.6801	1.6994	1.9728	1.2645	1.8388	1.9267	1.8037	2.0425	2.4483	3.3087	3.1831	7.2735	7.4041	24.2456	13.0408	8.2767	6.4868	3.6013	2.2821	3.2011	1.5903	3.0304	1.9715	1.4641	1.0414	1.9606	1.8101	0.1414	0.2283	0.1182	0.1928	0.1621	0.1669	0.1014	0.1683	0.1604	0.1592	0.1107	0.0931	0.1155	0.1242	0.1250	0.0959	0.1052	0.1047	0.0976	0.1036	0.0726	0.0657	0.0674	0.0974	0.1058	0.0641	0.0822	0.0761	0.0910	0.0417	0.0732	0.0845	0.0876	0.0583	0.0603	0.0763	0.0793	0.0455	0.0742	0.0387	0.0350	0.0335	0.0347	0.0350	0.0401	0.0415	0.0677	0.0601	0.0325	0.0354	0.0533	0.0491	0.0428	0.0415	0.0520	0.0426	0.0497	0.0254	0.0280	0.0303	0.0430	0.0421	0.0505	0.0504	0.0473	0.0324	0.0240	0.0479	0.0486	0.0221	0.0213	0.0259	0.0306	0.0397	0.0325	0.0376	0.0412	0.0242	0.0274	0.0439
II:270000:279999	0.8870	0.8951	1.0169	0.6597	0.8459	0.6387	0.7647	0.9808	1.2745	1.2899	1.3770	1.5976	1.6685	1.5412	1.7967	2.1438	1.9834	2.0940	1.6157	2.7975	3.0210	1.9812	2.4542	4.5668	6.1880	4.9572	13.0408	20.6551	9.9432	6.9395	5.1895	4.7189	4.3210	3.1409	2.7627	2.3615	1.5824	2.2023	1.2642	1.2400	0.1868	0.2040	0.2352	0.1562	0.1804	0.1497	0.1436	0.1962	0.1525	0.0801	0.1614	0.1201	0.1582	0.0777	0.1465	0.1163	0.1097	0.0966	0.1288	0.1154	0.0899	0.0772	0.0759	0.0796	0.0587	0.0605	0.0847	0.0890	0.0947	0.0507	0.0578	0.0499	0.0718	0.0537	0.0535	0.0400	0.0731	0.0792	0.0409	0.0562	0.0682	0.0707	0.0472	0.0341	0.0627	0.0594	0.0458	0.0682	0.0568	0.0503	0.0503	0.0306	0.0622	0.0623	0.0323	0.0528	0.0456	0.0387	0.0447	0.0286	0.0357	0.0347	0.0452	0.0398	0.0239	0.0315	0.0340	0.0330	0.0450	0.0457	0.0486	0.0477	0.0346	0.0361	0.0369	0.0339	0.0210	0.0227	0.0403	0.0388
II:280000:289999	0.8923	0.5813	0.9602	0.6282	0.9159	0.5631	1.0565	0.9291	0.8422	1.2567	0.8828	1.1449	0.9784	1.6552	1.2203	1.2499	1.0926	1.1793	1.1328	1.3059	2.1345	2.5638	3.0189	3.5269	4.5734	3.9278	8.2767	9.9432	16.9708	7.5815	7.0327	6.3920	2.5763	3.7384	2.2291	2.0121	2.1178	1.4620	2.1745	1.1281	0.2299	0.2431	0.2528	0.1955	0.1242	0.2078	0.2133	0.0936	0.1903	0.1496	0.1406	0.1138	0.0876	0.1247	0.1453	0.0664	0.1080	0.1110	0.1292	0.0574	0.0814	0.0619	0.0727	0.1105	0.0603	0.0700	0.0967	0.0900	0.0976	0.0499	0.0459	0.0530	0.0664	0.0746	0.0443	0.0689	0.0476	0.0822	0.0614	0.0411	0.0717	0.0553	0.0663	0.0554	0.0688	0.0427	0.0700	0.0307	0.0443	0.0351	0.0662	0.0289	0.0383	0.0414	0.0296	0.0589	0.0529	0.0442	0.0391	0.0315	0.0301	0.0375	0.0436	0.0506	0.0310	0.0496	0.0429	0.0273	0.0232	0.0227	0.0496	0.0284	0.0230	0.0393	0.0283	0.0462	0.0381	0.0437	0.0369	0.0387
II:290000:299999	0.4687	0.8495	0.9815	0.8470	0.9522	0.6484	0.6336	1.2033	0.9451	0.8815	1.1951	0.7546	1.4421	1.5117	0.8231	1.2761	1.5944	1.7058	1.9104	2.4109	1.7553	2.6547	1.6159	2.3062	3.7539	4.7735	6.4868	6.9395	7.5815	19.3780	9.3975	8.1673	3.7301	2.6106	4.4297	2.5906	2.6181	2.0352	2.3908	2.2209	0.1867	0.2811	0.1830	0.2111	0.1850	0.2253	0.1557	0.1990	0.2029	0.1514	0.1708	0.1708	0.0979	0.1153	0.1524	0.1343	0.1369	0.1119	0.0903	0.1190	0.0821	0.0969	0.0678	0.0789	0.0799	0.0560	0.0538	0.1007	0.1042	0.0534	0.0638	0.0795	0.0487	0.0436	0.0864	0.0527	0.0853	0.0622	0.0642	0.0607	0.0580	0.0461	0.0612	0.0519	0.0685	0.0438	0.0390	0.0655	0.0514	0.0385	0.0591	0.0395	0.0551	0.0519	0.0379	0.0499	0.0437	0.0271	0.0592	0.0342	0.0378	0.0536	0.0467	0.0294	0.0439	0.0241	0.0461	0.0412	0.0424	0.0390	0.0323	0.0406	0.0346	0.0423	0.0219	0.0280	0.0247	0.0340	0.0366	0.0256
II:300000:309999	0.6282	0.5329	0.7415	0.9331	0.5915	0.5667	0.8237	0.5291	1.1681	0.7170	1.2653	1.3859	0.7815	0.7126	0.8302	1.5290	1.1440	0.8808	0.9856	2.2219	1.9419	2.4900	2.7928	2.0300	2.2794	4.0379	3.6013	5.1895	7.0327	9.3975	27.1383	8.9647	4.0744	5.9053	2.7581	2.0390	2.3753	2.4381	1.7614	1.7290	0.1923	0.2214	0.2854	0.1819	0.2131	0.1440	0.1235	0.1424	0.0989	0.1468	0.1663	0.1278	0.1018	0.1075	0.1507	0.0915	0.0961	0.1232	0.0827	0.1344	0.0714	0.0581	0.0856	0.0911	0.0905	0.0716	0.0993	0.1007	0.0762	0.0942	0.0910	0.0531	0.0497	0.0481	0.0446	0.0797	0.0578	0.0446	0.0636	0.0502	0.0375	0.0538	0.0714	0.0647	0.0757	0.0525	0.0721	0.0469	0.0504	0.0598	0.0475	0.0355	0.0556	0.0625	0.0409	0.0424	0.0379	0.0508	0.0432	0.0336	0.0557	0.0255	0.0521	0.0524	0.0270	0.0242	0.0435	0.0410	0.0280	0.0355	0.0251	0.0341	0.0369	0.0470	0.0318	0.0254	0.0469	0.0378	0.0239	0.0216
II:310000:319999	0.5136	0.4583	0.7591	0.5770	0.7012	0.7295	0.9575	0.6705	0.6444	0.5448	1.0475	0.6996	1.1689	1.1939	0.7356	0.9092	1.2305	0.9959	1.5565	1.5672	1.3065	2.1903	1.5270	2.6975	2.9164	2.8280	2.2821	4.7189	6.3920	8.1673	8.9647	18.0963	7.9383	5.9570	4.0870	5.3200	4.1653	3.2473	1.6799	2.7404	0.2754	0.3532	0.1602	0.1654	0.1509	0.2505	0.2556	0.2112	0.1411	0.1013	0.2057	0.1052	0.1702	0.1275	0.1089	0.1114	0.0764	0.0770	0.1386	0.0995	0.1138	0.0838	0.0924	0.1123	0.0985	0.0788	0.0807	0.1126	0.0494	0.0709	0.0528	0.0500	0.0459	0.0846	0.0658	0.0693	0.0549	0.0584	0.0601	0.0773	0.0404	0.0437	0.0424	0.0550	0.0545	0.0624	0.0745	0.0702	0.0410	0.0471	0.0512	0.0606	0.0488	0.0347	0.0300	0.0402	0.0493	0.0333	0.0425	0.0394	0.0586	0.0490	0.0575	0.0417	0.0403	0.0553	0.0366	0.0406	0.0238	0.0279	0.0311	0.0295	0.0346	0.0474	0.0274	0.0225	0.0366	0.0307	0.0217	0.0407
II:320000:329999	0.4039	0.5702	0.5798	0.6007	0.4389	0.9263	0.7822	0.7120	1.0618	0.9197	0.8171	1.0745	0.7624	0.8988	0.9810	0.7520	1.4181	1.4198	1.4689	1.0438	1.4620	1.6196	1.2848	1.2336	1.5578	1.6090	3.2011	4.3210	2.5763	3.7301	4.0744	7.9383	27.0045	11.9626	8.2647	6.0334	5.5318	2.3723	3.7190	2.9031	0.4532	0.3833	0.2841	0.2816	0.1839	0.1859	0.1439	0.1730	0.2225	0.1455	0.2061	0.1135	0.1596	0.1074	0.1447	0.1536	0.1563	0.1396	0.0793	0.1230	0.0864	0.1005	0.0690	0.0894	0.1024	0.0610	0.0918	0.1090	0.0828	0.0680	0.0589	0.0728	0.0670	0.0825	0.0832	0.0790	0.0804	0.0804	0.0753	0.0500	0.0650	0.0548	0.0389	0.0637	0.0404	0.0638	0.0562	0.0352	0.0493	0.0537	0.0406	0.0672	0.0669	0.0331	0.0559	0.0442	0.0585	0.0613	0.0448	0.0489	0.0389	0.0485	0.0588	0.0361	0.0256	0.0558	0.0249	0.0454	0.0415	0.0355	0.0510	0.0261	0.0293	0.0462	0.0219	0.0289	0.0260	0.0327	0.0410	0.0464
II:330000:339999	0.7746	0.6050	0.4666	0.7560	0.5535	0.8091	0.4984	0.9111	1.0058	0.8848	0.9166	0.8574	0.8695	0.6483	1.2537	1.3886	0.9319	1.4664	1.2802	1.0324	1.5060	2.0004	1.1974	1.4409	1.2291	3.0051	1.5903	3.1409	3.7384	2.6106	5.9053	5.9570	11.9626	15.9080	6.1048	7.9578	6.6387	2.4468	3.6373	3.0713	0.3915	0.3672	0.2469	0.3587	0.1942	0.3130	0.2917	0.2530	0.1705	0.2396	0.1286	0.1568	0.1506	0.1017	0.1894	0.0971	0.1230	0.0803	0.0952	0.1405	0.1225	0.0923	0.1119	0.0713	0.1057	0.1193	0.0539	0.0720	0.0671	0.0544	0.1052	0.0886	0.0819	0.0797	0.0813	0.0578	0.0519	0.0441	0.0472	0.0484	0.0773	0.0525	0.0546	0.0701	0.0793	0.0387	0.0594	0.0510	0.0399	0.0459	0.0634	0.0414	0.0524	0.0474	0.0297	0.0613	0.0604	0.0585	0.0431	0.0422	0.0502	0.0604	0.0428	0.0354	0.0408	0.0435	0.0447	0.0541	0.0419	0.0490	0.0376	0.0365	0.0497	0.0307	0.0308	0.0375	0.0246	0.0258	0.0353	0.0384
II:340000:349999	0.5394	0.4874	0.5051	0.7711	0.8934	0.5084	0.9154	0.8457	0.8750	0.4623	1.0274	0.6717	0.9468	0.8933	0.6161	0.6128	0.7762	1.3486	0.7459	0.8897	1.4570	1.4753	1.7889	1.4834	1.5841	2.5900	3.0304	2.7627	2.2291	4.4297	2.7581	4.0870	8.2647	6.1048	27.6755	6.9029	4.2254	5.7531	5.2669	2.2452	0.3592	0.4294	0.3709	0.3887	0.3082	0.3396	0.1926	0.2564	0.2143	0.1715	0.2076	0.2127	0.1679	0.1759	0.1328	0.1757	0.1184	0.1374	0.1292	0.1166	0.1483	0.1246	0.1108	0.1171	0.1129	0.0811	0.0776	0.0960	0.0610	0.1040	0.0985	0.0879	0.0666	0.1037	0.0873	0.0921	0.0820	0.0714	0.0551	0.0485	0.0800	0.0686	0.0483	0.0460	0.0582	0.0639	0.0685	0.0547	0.0436	0.0612	0.0370	0.0381	0.0456	0.0525	0.0303	0.0343	0.0555	0.0435	0.0442	0.0444	0.0331	0.0605	0.0582	0.0475	0.0285	0.0479	0.0512	0.0352	0.0288	0.0466	0.0432	0.0352	0.0318	0.0504	0.0248	0.0310	0.0355	0.0383	0.0284	0.0375
II:350000:359999	0.3990	0.6198	0.6921	0.6612	0.8276	0.4056	0.7982	0.6474	0.8206	0.7527	0.8992	0.7230	0.7341	1.1083	0.8405	1.2525	0.8304	1.2072	0.6999	1.3655	1.1725	1.5286	0.9136	1.8760	1.2089	1.5293	1.9715	2.3615	2.0121	2.5906	2.0390	5.3200	6.0334	7.9578	6.9029	13.7993	10.2527	4.4536	4.5599	4.6799	0.3799	0.3093	0.5146	0.3144	0.1938	0.2564	0.2045	0.2894	0.2793	0.2419	0.2136	0.1865	0.1077	0.1769	0.1365	0.1179	0.1434	0.1035	0.1737	0.1294	0.1384	0.0763	0.0674	0.0763	0.0747	0.1007	0.1054	0.1197	0.0597	0.0855	0.0940	0.0756	0.0519	0.0521	0.0455	0.0627	0.0520	0.0949	0.0753	0.0452	0.0738	0.0641	0.0790	0.0460	0.0526	0.0583	0.0582	0.0404	0.0702	0.0396	0.0520	0.0555	0.0492	0.0444	0.0589	0.0501	0.0555	0.0576	0.0628	0.0459	0.0425	0.0598	0.0605	0.0564	0.0327	0.0561	0.0466	0.0418	0.0286	0.0292	0.0510	0.0324	0.0377	0.0358	0.0341	0.0348	0.0302	0.0477	0.0361	0.0295
II:360000:369999	0.6155	0.6011	0.4914	0.4372	0.6459	0.4088	0.6787	0.4062	0.7917	0.9648	0.5939	0.7577	0.6066	1.0309	0.8006	1.2108	1.2904	0.8033	1.0653	0.9891	1.4052	0.7525	1.2497	1.2162	1.7784	1.0117	1.4641	1.5824	2.1178	2.6181	2.3753	4.1653	5.5318	6.6387	4.2254	10.2527	15.3988	12.4118	8.2089	6.2852	0.6458	0.4321	0.3298	0.3369	0.2239	0.2461	0.2395	0.1731	0.1665	0.1491	0.1822	0.2515	0.2413	0.1138	0.1699	0.0906	0.1619	0.1501	0.1318	0.1028	0.1166	0.0728	0.1249	0.1310	0.0692	0.1399	0.0718	0.1249	0.1257	0.0829	0.1091	0.0874	0.0663	0.0908	0.0682	0.0542	0.0891	0.0537	0.0940	0.0517	0.0572	0.0809	0.0810	0.0576	0.0666	0.0813	0.0490	0.0470	0.0387	0.0639	0.0629	0.0374	0.0619	0.0430	0.0513	0.0525	0.0525	0.0504	0.0438	0.0544	0.0355	0.0589	0.0408	0.0538	0.0472	0.0412	0.0414	0.0425	0.0384	0.0425	0.0392	0.0503	0.0315	0.0462	0.0353	0.0480	0.0468	0.0241	0.0485	0.0446
II:370000:379999	0.4009	0.4280	0.6407	0.4255	0.7231	0.5749	0.5414	0.7215	0.6902	0.4297	0.4329	0.6642	0.8233	0.5477	0.7654	0.6369	0.9475	1.3241	0.9925	1.4588	1.4372	1.1676	0.9316	0.8580	1.1836	1.5285	1.0414	2.2023	1.4620	2.0352	2.4381	3.2473	2.3723	2.4468	5.7531	4.4536	12.4118	22.4907	7.5352	8.4398	0.8049	0.4713	0.5559	0.2983	0.4348	0.2514	0.2534	0.1686	0.2247	0.2504	0.2411	0.1866	0.1545	0.1193	0.1475	0.1935	0.2020	0.1909	0.0910	0.0916	0.1118	0.1257	0.0739	0.0746	0.1350	0.1445	0.0951	0.1194	0.1089	0.1105	0.0827	0.1151	0.0582	0.0659	0.0875	0.0615	0.0953	0.0920	0.0879	0.0909	0.0756	0.0497	0.0563	0.0385	0.0573	0.0679	0.0694	0.0689	0.0466	0.0758	0.0575	0.0418	0.0723	0.0599	0.0593	0.0552	0.0301	0.0512	0.0570	0.0539	0.0362	0.0452	0.0536	0.0592	0.0346	0.0460	0.0281	0.0313	0.0376	0.0252	0.0358	0.0519	0.0332	0.0281	0.0263	0.0396	0.0346	0.0408	0.0337	0.0369
II:380000:389999	0.6775	0.5779	0.5415	0.6702	0.7553	0.5240	0.6460	0.5784	0.6876	0.4733	0.8992	0.5697	0.9149	0.5860	0.8171	1.0034	0.7215	0.9825	0.5832	0.8731	1.4428	0.7438	1.4405	1.4934	0.8369	1.0494	1.9606	1.2642	2.1745	2.3908	1.7614	1.6799	3.7190	3.6373	5.2669	4.5599	8.2089	7.5352	18.4845	8.3072	0.6082	0.6197	0.7162	0.4380	0.5218	0.2375	0.3876	0.3781	0.2168	0.2259	0.1872	0.2033	0.2671	0.2170	0.1206	0.2329	0.1806	0.1877	0.1817	0.1821	0.1593	0.1020	0.1437	0.1309	0.1038	0.1389	0.0630	0.1004	0.1265	0.0962	0.0823	0.0606	0.0645	0.0677	0.1131	0.0820	0.0651	0.0982	0.0797	0.0597	0.0784	0.0423	0.0678	0.0666	0.0418	0.0705	0.0379	0.0453	0.0702	0.0532	0.0666	0.0573	0.0530	0.0575	0.0324	0.0312	0.0687	0.0576	0.0367	0.0559	0.0638	0.0595	0.0514	0.0464	0.0492	0.0329	0.0416	0.0557	0.0376	0.0339	0.0418	0.0507	0.0522	0.0552	0.0534	0.0264	0.0366	0.0391	0.0423	0.0252
II:390000:399999	0.3869	0.4543	0.5048	0.6300	0.4808	0.6548	0.5372	0.4203	0.4737	0.4169	0.7325	0.6434	0.9976	0.8563	0.7909	0.6649	0.5971	1.1549	0.5533	0.8227	1.0482	0.8106	0.7148	1.3536	1.5256	1.2054	1.8101	1.2400	1.1281	2.2209	1.7290	2.7404	2.9031	3.0713	2.2452	4.6799	6.2852	8.4398	8.3072	17.8265	1.3516	1.0860	0.6715	0.5114	0.3745	0.4844	0.3177	0.2546	0.3987	0.2476	0.2072	0.1552	0.2176	0.1746	0.2002	0.1498	0.1626	0.1109	0.0975	0.1924	0.1619	0.1221	0.0949	0.1357	0.1249	0.1218	0.1481	0.0913	0.1343	0.0916	0.1294	0.1253	0.0822	0.0856	0.1097	0.1066	0.0534	0.0772	0.0509	0.0935	0.0583	0.0602	0.0583	0.0783	0.0560	0.0608	0.0812	0.0583	0.0801	0.0784	0.0556	0.0445	0.0750	0.0571	0.0474	0.0341	0.0502	0.0319	0.0551	0.0450	0.0403	0.0369	0.0565	0.0609	0.0276	0.0458	0.0292	0.0273	0.0594	0.0359	0.0428	0.0543	0.0452	0.0352	0.0459	0.0478	0.0429	0.0345	0.0452	0.0333
II:400000:409999	0.0458	0.0891	0.1057	0.1040	0.1122	0.0556	0.0596	0.0975	0.0955	0.0890	0.0630	0.0949	0.0887	0.1473	0.0848	0.0943	0.0785	0.1686	0.1590	0.1556	0.1960	0.1261	0.1195	0.1170	0.2379	0.1725	0.1414	0.1868	0.2299	0.1867	0.1923	0.2754	0.4532	0.3915	0.3592	0.3799	0.6458	0.8049	0.6082	1.3516	17.7941	8.2508	9.1943	3.4780	2.5690	2.7793	1.9966	2.2326	3.0019	2.7166	1.4227	1.3941	1.4180	1.9425	1.0827	1.5126	1.3074	1.4484	0.8647	1.3423	1.3307	0.8337	1.1726	0.9881	0.6244	0.7333	0.5931	0.9445	0.5405	0.8681	0.5300	0.8209	0.7481	0.6977	0.4657	0.6519	0.5954	0.4621	0.7123	0.6827	0.0821	0.0947	0.0605	0.0502	0.0579	0.0688	0.0843	0.0794	0.0485	0.0753	0.0769	0.0615	0.0564	0.0542	0.0413	0.0432	0.0529	0.0522	0.0521	0.0479	0.0629	0.0355	0.0354	0.0631	0.0493	0.0497	0.0438	0.0416	0.0383	0.0440	0.0533	0.0265	0.0556	0.0305	0.0397	0.0498	0.0275	0.0431	0.0412	0.0391
II:410000:419999	0.0543	0.0609	0.0550	0.0941	0.0757	0.0652	0.0581	0.0819	0.1004	0.0825	0.0976	0.1113	0.0806	0.0685	0.1324	0.1541	0.1001	0.0949	0.1074	0.1699	0.1842	0.1513	0.1826	0.1867	0.1948	0.1499	0.2283	0.2040	0.2431	0.2811	0.2214	0.3532	0.3833	0.3672	0.4294	0.3093	0.4321	0.4713	0.6197	1.0860	8.2508	25.2827	7.0393	5.1749	6.6468	5.4377	2.3312	3.2468	1.6957	2.9944	2.7096	2.0960	1.6397	1.7251	1.4972	1.6799	1.5833	1.5163	1.4118	0.8176	0.7646	1.1026	0.9464	1.1954	0.5375	0.7386	0.9954	0.7105	0.5052	0.5943	0.9131	0.7852	0.7946	0.4898	0.7305	0.3453	0.4308	0.5949	0.5930	0.4946	0.1025	0.0655	0.0584	0.0532	0.0816	0.0835	0.0822	0.0701	0.0392	0.0570	0.0440	0.0486	0.0359	0.0654	0.0445	0.0573	0.0734	0.0415	0.0429	0.0409	0.0326	0.0518	0.0504	0.0514	0.0642	0.0490	0.0495	0.0588	0.0573	0.0443	0.0465	0.0378	0.0416	0.0405	0.0415	0.0315	0.0427	0.0322	0.0326	0.0321
II:420000:429999	0.0612	0.0885	0.0724	0.0703	0.0559	0.0907	0.0516	0.0704	0.0847	0.1144	0.0974	0.0711	0.0640	0.0671	0.1049	0.1403	0.1212	0.1588	0.1408	0.1277	0.1466	0.0902	0.1447	0.1648	0.2154	0.2218	0.1182	0.2352	0.2528	0.1830	0.2854	0.1602	0.2841	0.2469	0.3709	0.5146	0.3298	0.5559	0.7162	0.6715	9.1943	7.0393	24.5560	6.5613	9.3070	3.6601	4.3792	2.6192	3.2794	3.2129	2.1048	1.9501	2.5217	1.7857	1.3737	1.1200	1.7055	1.4492	0.9989	1.1166	0.7474	1.2216	1.2571	1.0747	1.0169	0.5867	1.0630	0.8278	0.9755	0.8550	0.9039	0.8310	0.7644	0.6748	0.4989	0.4711	0.7612	0.6878	0.4335	0.3597	0.1001	0.0458	0.0804	0.0833	0.0656	0.0908	0.0745	0.0909	0.0736	0.0654	0.0407	0.0783	0.0408	0.0473	0.0633	0.0637	0.0731	0.0727	0.0704	0.0637	0.0460	0.0590	0.0356	0.0416	0.0665	0.0521	0.0620	0.0333	0.0483	0.0330	0.0507	0.0575	0.0401	0.0256	0.0356	0.0271	0.0386	0.0490	0.0540	0.0316
II:430000:439999	0.0665	0.0650	0.0520	0.0517	0.0768	0.0811	0.0581	0.0661	0.0953	0.0560	0.0736	0.0579	0.0716	0.1119	0.0882	0.1253	0.1034	0.0739	0.0876	0.0837	0.0885	0.1526	0.0944	0.1278	0.1840	0.1439	0.1928	0.1562	0.1955	0.2111	0.1819	0.1654	0.2816	0.3587	0.3887	0.3144	0.3369	0.2983	0.4380	0.5114	3.4780	5.1749	6.5613	14.3880	6.3779	5.6410	4.0319	3.0635	4.3588	2.3679	1.8175	1.6017	2.3605	1.7168	1.5174	1.7904	1.5791	1.2927	1.3697	0.9961	1.0506	1.2007	0.6174	0.8824	0.8233	0.7465	0.8340	0.9210	0.9163	0.9010	0.7830	0.4223	0.5316	0.7318	0.4337	0.6449	0.3602	0.7264	0.4076	0.5123	0.0550	0.0570	0.0733	0.0744	0.0922	0.0534	0.0890	0.0526	0.0597	0.0873	0.0632	0.0492	0.0577	0.0740	0.0748	0.0391	0.0562	0.0491	0.0357	0.0501	0.0432	0.0605	0.0307	0.0473	0.0424	0.0446	0.0444	0.0638	0.0522	0.0406	0.0384	0.0413	0.0577	0.0455	0.0568	0.0314	0.0412	0.0471	0.0497	0.0266
